30 450
30 30
870 30
870 125
785 125
785 330
735 330
735 320
775 320
775 290
700 290
700 400
775 400
775 370
735 370
735 360
815 360
815 200
830 200
830 370
785 370
785 410
370 410
370 650
445 650
445 610
565 610
565 570
785 570
785 580
745 580
745 700
660 700
660 740
570 740
570 700
485 700
485 655
700 655
700 660
500 660
500 695
580 695
580 735
650 735
650 700
610 700
610 695
735 695
735 580
580 580
580 610
700 610
700 620
455 620
455 660
410 660
410 700
400 700
400 660
370 660
370 820
440 820
440 775
495 775
495 785
455 785
455 820
650 820
650 785
525 785
525 745
410 745
410 785
400 785
400 735
445 735
445 695
455 695
455 735
535 735
535 775
695 775
695 735
815 735
815 620
785 620
785 700
775 700
775 610
820 610
820 540
650 540
650 500
445 500
445 490
650 490
650 455
410 455
410 570
525 570
525 540
445 540
445 530
620 530
620 540
535 540
535 580
410 580
410 620
400 620
400 445
660 445
660 530
830 530
830 745
700 745
700 785
660 785
660 825
360 825
360 360
370 360
370 405
695 405
695 280
775 280
775 115
860 115
860 40
660 40
660 80
650 80
650 40
495 40
495 115
610 115
610 80
525 80
525 70
620 70
620 115
695 115
695 75
705 75
705 165
695 165
695 125
485 125
485 40
330 40
330 155
400 155
400 80
370 80
370 125
360 125
360 75
415 75
415 165
330 165
330 205
290 205
290 250
280 250
280 205
205 205
205 320
280 320
280 290
240 290
240 240
250 240
250 280
360 280
360 250
320 250
320 240
370 240
370 290
290 290
290 330
195 330
195 195
320 195
320 40
40 40
40 240
70 240
70 115
155 115
155 80
70 80
70 70
165 70
165 125
80 125
80 250
40 250
40 450
