820 155
870 155
870 870
30 870
30 485
70 485
70 280
115 280
115 155
195 155
195 70
290 70
290 165
240 165
240 155
280 155
280 85
205 85
205 115
250 115
250 125
205 125
205 165
165 165
165 360
320 360
320 320
400 320
400 205
360 205
360 195
445 195
445 75
455 75
455 155
660 155
660 200
735 200
735 70
830 70
830 80
745 80
745 250
660 250
660 370
400 370
400 360
610 360
610 320
620 320
620 360
650 360
650 235
735 235
735 205
650 205
650 165
495 165
495 290
445 290
445 240
455 240
455 280
485 280
485 165
455 165
455 205
415 205
415 320
570 320
570 240
580 240
580 280
610 280
610 205
540 205
540 290
525 290
525 195
620 195
620 290
580 290
580 330
330 330
330 830
195 830
195 820
320 820
320 705
70 705
70 570
195 570
195 455
115 455
115 320
125 320
125 405
165 405
165 415
125 415
125 445
280 445
280 405
290 405
290 495
235 495
235 485
275 485
275 455
205 455
205 660
115 660
115 610
165 610
165 620
125 620
125 650
195 650
195 580
80 580
80 690
320 690
320 540
250 540
250 650
275 650
275 570
285 570
285 660
235 660
235 525
320 525
320 375
205 375
205 405
250 405
250 415
195 415
195 375
155 375
155 165
125 165
125 290
85 290
85 495
40 495
40 525
155 525
155 495
115 495
115 485
165 485
165 540
40 540
40 860
115 860
115 775
125 775
125 860
155 860
155 775
280 775
280 745
85 745
85 825
75 825
75 735
290 735
290 785
165 785
165 860
695 860
695 820
735 820
735 775
830 775
830 830
775 830
775 820
820 820
820 785
745 785
745 830
705 830
705 860
860 860
860 495
695 495
695 445
815 445
815 405
825 405
825 455
705 455
705 485
860 485
860 165
820 165
820 155
